  -9.98999977       1014.00305    
  -9.97999954       1011.22406    
  -9.97000027       1008.44550    
  -9.96000004       1005.66760    
  -9.94999981       1002.89069    
  -9.93999958       1000.11621    
  -9.93000031       997.349609    
  -9.92000008       994.610962    
  -9.90999985       991.849365    
  -9.89999962       989.087097    
  -9.89000034       986.361145    
  -9.88000011       983.601990    
  -9.86999989       980.877625    
  -9.85999966       978.121948    
  -9.85000038       975.401001    
  -9.84000015       972.689697    
  -9.82999992       969.978760    
  -9.81999969       967.261597    
  -9.81000042       964.552246    
  -9.80000019       961.847900    
  -9.78999996       959.142090    
  -9.77999973       956.446106    
  -9.77000046       953.743530    
  -9.76000023       951.051270    
  -9.75000000       948.383118    
  -9.73999977       945.694458    
  -9.72999954       943.006897    
  -9.72000027       940.352112    
  -9.71000004       937.697571    
  -9.69999981       935.014038    
  -9.68999958       932.370972    
  -9.68000031       929.720825    
  -9.67000008       927.051453    
  -9.65999985       924.412354    
  -9.64999962       921.766785    
  -9.64000034       919.131409    
  -9.63000011       916.506226    
  -9.61999989       913.874512    
  -9.60999966       911.272583    
  -9.60000038       908.652161    
  -9.59000015       906.024536    
  -9.57999992       903.436401    
  -9.56999969       900.820740    
  -9.56000042       898.205627    
  -9.55000019       895.621460    
  -9.53999996       893.040466    
  -9.52999973       890.437988    
  -9.52000046       887.858398    
  -9.51000023       885.291870    
  -9.50000000       882.723755    
  -9.48999977       880.148254    
  -9.47999954       877.583984    
  -9.47000027       875.020630    
  -9.46000004       872.467957    
  -9.44999981       869.907959    
  -9.43999958       867.348938    
  -9.43000031       864.829956    
  -9.42000008       862.285400    
  -9.40999985       859.739258    
  -9.39999962       857.224976    
  -9.39000034       854.682434    
  -9.38000011       852.171814    
  -9.36999989       849.661682    
  -9.35999966       847.132385    
  -9.35000038       844.626282    
  -9.34000015       842.129028    
  -9.32999992       839.634888    
  -9.31999969       837.141663    
  -9.31000042       834.648987    
  -9.30000019       832.157166    
  -9.28999996       829.669250    
  -9.27999973       827.192017    
  -9.27000046       824.732422    
  -9.26000023       822.256653    
  -9.25000000       819.785217    
  -9.23999977       817.340271    
  -9.22999954       814.869934    
  -9.22000027       812.427002    
  -9.21000004       809.987122    
  -9.19999981       807.533325    
  -9.18999958       805.094727    
  -9.18000031       802.668579    
  -9.17000008       800.245422    
  -9.15999985       797.820557    
  -9.14999962       795.398987    
  -9.14000034       792.980530    
  -9.13000011       790.560974    
  -9.11999989       788.155579    
  -9.10999966       785.764465    
  -9.10000038       783.361389    
  -9.09000015       780.949890    
  -9.07999992       778.574890    
  -9.06999969       776.176575    
  -9.06000042       773.803589    
  -9.05000019       771.418701    
  -9.03999996       769.049377    
  -9.02999973       766.692871    
  -9.02000046       764.325562    
  -9.01000023       761.950073    
  -9.00000000       759.598450    
  -8.98999977       757.247803    
  -8.97999954       754.898499    
  -8.97000027       752.572266    
  -8.96000004       750.226562    
  -8.94999981       747.894165    
  -8.94000053       745.562195    
  -8.93000031       743.244568    
  -8.92000008       740.914307    
  -8.90999985       738.610046    
  -8.89999962       736.284546    
  -8.89000034       733.984924    
  -8.88000011       731.674133    
  -8.86999989       729.375305    
  -8.85999966       727.089844    
  -8.85000038       724.796082    
  -8.84000015       722.512268    
  -8.82999992       720.232544    
  -8.81999969       717.953430    
  -8.81000042       715.675354    
  -8.80000019       713.413574    
  -8.78999996       711.140320    
  -8.77999973       708.867676    
  -8.77000046       706.627869    
  -8.76000023       704.372742    
  -8.75000000       702.119019    
  -8.73999977       699.884949    
  -8.72999954       697.632996    
  -8.72000027       695.400513    
  -8.71000004       693.184570    
  -8.69999981       690.938232    
  -8.69000053       688.724060    
  -8.68000031       686.501038    
  -8.67000008       684.289062    
  -8.65999985       682.080872    
  -8.64999962       679.873230    
  -8.64000034       677.670105    
  -8.63000011       675.480774    
  -8.61999989       673.293152    
  -8.60999966       671.108887    
  -8.60000038       668.909241    
  -8.59000015       666.743469    
  -8.57999992       664.559204    
  -8.56999969       662.398315    
  -8.56000042       660.219421    
  -8.55000019       658.070557    
  -8.53999996       655.912476    
  -8.52999973       653.753174    
  -8.52000046       651.599609    
  -8.51000023       649.457520    
  -8.50000000       647.320251    
  -8.48999977       645.183411    
  -8.47999954       643.047058    
  -8.47000027       640.915588    
  -8.46000004       638.796082    
  -8.44999981       636.680176    
  -8.44000053       634.568787    
  -8.43000031       632.455261    
  -8.42000008       630.344910    
  -8.40999985       628.236755    
  -8.39999962       626.142395    
  -8.39000034       624.051025    
  -8.38000011       621.962646    
  -8.36999989       619.873718    
  -8.35999966       617.788818    
  -8.35000038       615.717285    
  -8.34000015       613.635376    
  -8.32999992       611.565674    
  -8.31999969       609.500122    
  -8.31000042       607.439697    
  -8.30000019       605.390991    
  -8.28999996       603.342407    
  -8.27999973       601.299438    
  -8.27000046       599.242859    
  -8.26000023       597.204895    
  -8.25000000       595.175598    
  -8.23999977       593.140625    
  -8.22999954       591.119507    
  -8.22000027       589.086731    
  -8.21000004       587.067322    
  -8.19999981       585.061157    
  -8.19000053       583.047363    
  -8.18000031       581.038391    
  -8.17000008       579.042175    
  -8.15999985       577.043518    
  -8.14999962       575.049500    
  -8.14000034       573.059753    
  -8.13000011       571.074890    
  -8.11999989       569.087891    
  -8.10999966       567.117493    
  -8.10000038       565.147766    
  -8.09000015       563.174072    
  -8.07999992       561.207275    
  -8.06999969       559.251404    
  -8.06000042       557.290039    
  -8.05000019       555.339905    
  -8.03999996       553.397278    
  -8.02999973       551.448975    
  -8.02000046       549.517883    
  -8.01000023       547.574524    
  -8.00000000       545.646057    
  -7.98999977       543.721375    
  -7.98000002       541.798096    
  -7.97000027       539.876404    
  -7.96000004       537.959473    
  -7.94999981       536.060120    
  -7.94000006       534.145386    
  -7.93000031       532.248474    
  -7.92000008       530.355713    
  -7.90999985       528.448853    
  -7.90000010       526.561096    
  -7.89000034       524.673828    
  -7.88000011       522.805420    
  -7.86999989       520.923889    
  -7.86000013       519.045227    
  -7.85000038       517.184509    
  -7.84000015       515.307800    
  -7.82999992       513.449097    
  -7.81999969       511.595337    
  -7.80999994       509.743408    
  -7.80000019       507.891998    
  -7.78999996       506.046417    
  -7.77999973       504.215881    
  -7.76999998       502.371735    
  -7.76000023       500.547577    
  -7.75000000       498.710022    
  -7.73999977       496.887207    
  -7.73000002       495.070374    
  -7.72000027       493.254120    
  -7.71000004       491.439514    
  -7.69999981       489.629028    
  -7.69000006       487.833710    
  -7.68000031       486.026672    
  -7.67000008       484.241516    
  -7.65999985       482.436859    
  -7.65000010       480.653992    
  -7.64000034       478.868408    
  -7.63000011       477.092529    
  -7.61999989       475.313751    
  -7.61000013       473.552216    
  -7.60000038       471.779327    
  -7.59000015       470.024536    
  -7.57999992       468.255341    
  -7.57000017       466.507477    
  -7.55999994       464.760437    
  -7.55000019       463.010284    
  -7.53999996       461.270264    
  -7.52999973       459.527466    
  -7.51999998       457.785034    
  -7.51000023       456.064972    
  -7.50000000       454.330017    
  -7.48999977       452.616119    
  -7.48000002       450.899078    
  -7.47000027       449.173492    
  -7.46000004       447.462738    
  -7.44999981       445.755096    
  -7.44000006       444.062836    
  -7.43000031       442.361511    
  -7.42000008       440.661896    
  -7.40999985       438.977722    
  -7.40000010       437.294220    
  -7.39000034       435.602997    
  -7.38000011       433.923279    
  -7.36999989       432.249298    
  -7.36000013       430.576080    
  -7.35000038       428.910065    
  -7.34000015       427.258698    
  -7.32999992       425.589966    
  -7.32000017       423.941132    
  -7.30999994       422.285492    
  -7.30000019       420.639191    
  -7.28999996       418.998932    
  -7.27999973       417.360657    
  -7.26999998       415.723053    
  -7.26000023       414.092926    
  -7.25000000       412.472534    
  -7.23999977       410.843445    
  -7.23000002       409.230164    
  -7.22000027       407.610779    
  -7.21000004       405.999817    
  -7.19999981       404.396423    
  -7.19000006       402.793793    
  -7.18000031       401.191803    
  -7.17000008       399.591553    
  -7.15999985       397.998047    
  -7.15000010       396.419006    
  -7.14000034       394.828339    
  -7.13000011       393.250641    
  -7.11999989       391.680695    
  -7.11000013       390.106995    
  -7.10000038       388.539917    
  -7.09000015       386.978973    
  -7.07999992       385.414795    
  -7.07000017       383.856781    
  -7.06000042       382.307312    
  -7.05000019       380.752289    
  -7.03999996       379.215698    
  -7.02999973       377.675140    
  -7.01999998       376.131531    
  -7.01000023       374.599640    
  -7.00000000       373.068939    
  -6.98999977       371.551086    
  -6.98000002       370.029388    
  -6.97000027       368.508087    
  -6.96000004       366.999939    
  -6.94999981       365.483307    
  -6.94000006       363.977753    
  -6.93000031       362.479462    
  -6.92000008       360.983429    
  -6.90999985       359.487823    
  -6.90000010       357.994507    
  -6.89000034       356.508392    
  -6.88000011       355.033051    
  -6.86999989       353.549988    
  -6.86000013       352.077667    
  -6.85000038       350.607117    
  -6.84000015       349.134735    
  -6.82999992       347.673859    
  -6.82000017       346.213745    
  -6.81000042       344.756104    
  -6.80000019       343.308319    
  -6.78999996       341.858856    
  -6.77999973       340.411438    
  -6.76999998       338.974121    
  -6.76000023       337.538635    
  -6.75000000       336.102203    
  -6.73999977       334.675140    
  -6.73000002       333.243744    
  -6.72000027       331.826752    
  -6.71000004       330.413086    
  -6.69999981       328.999451    
  -6.69000006       327.581177    
  -6.68000031       326.178253    
  -6.67000008       324.775574    
  -6.65999985       323.375977    
  -6.65000010       321.985596    
  -6.64000034       320.594635    
  -6.63000011       319.207550    
  -6.61999989       317.819641    
  -6.61000013       316.441498    
  -6.60000038       315.065491    
  -6.59000015       313.689148    
  -6.57999992       312.323273    
  -6.57000017       310.957825    
  -6.56000042       309.595398    
  -6.55000019       308.239349    
  -6.53999996       306.885986    
  -6.52999973       305.533508    
  -6.51999998       304.190765    
  -6.51000023       302.847412    
  -6.50000000       301.508270    
  -6.48999977       300.175354    
  -6.48000002       298.840057    
  -6.47000027       297.516541    
  -6.46000004       296.189484    
  -6.44999981       294.869476    
  -6.44000006       293.553711    
  -6.43000031       292.244720    
  -6.42000008       290.930908    
  -6.40999985       289.625885    
  -6.40000010       288.327301    
  -6.39000034       287.026062    
  -6.38000011       285.731201    
  -6.36999989       284.437103    
  -6.36000013       283.151886    
  -6.35000038       281.869507    
  -6.34000015       280.589630    
  -6.32999992       279.316864    
  -6.32000017       278.039398    
  -6.31000042       276.772705    
  -6.30000019       275.509155    
  -6.28999996       274.244507    
  -6.27999973       272.984772    
  -6.26999998       271.734650    
  -6.26000023       270.485046    
  -6.25000000       269.238495    
  -6.23999977       267.994446    
  -6.23000002       266.749969    
  -6.22000027       265.518585    
  -6.21000004       264.287354    
  -6.19999981       263.058167    
  -6.19000006       261.830933    
  -6.18000031       260.606140    
  -6.17000008       259.391083    
  -6.15999985       258.179230    
  -6.15000010       256.968414    
  -6.14000034       255.758636    
  -6.13000011       254.551437    
  -6.11999989       253.354645    
  -6.11000013       252.160507    
  -6.10000038       250.967422    
  -6.09000015       249.775406    
  -6.07999992       248.586090    
  -6.07000017       247.407043    
  -6.06000042       246.230682    
  -6.05000019       245.055389    
  -6.03999996       243.881210    
  -6.02999973       242.709793    
  -6.01999998       241.548492    
  -6.01000023       240.389862    
  -6.00000000       239.232376    
  -5.99000025       238.076035    
  -5.98000002       236.922516    
  -5.97000027       235.778885    
  -5.96000004       234.629974    
  -5.95000029       233.490326    
  -5.94000006       232.359665    
  -5.93000031       231.224045    
  -5.92000008       230.097488    
  -5.91000032       228.967163    
  -5.90000010       227.844696    
  -5.88999987       226.731613    
  -5.88000011       225.614456    
  -5.86999989       224.497925    
  -5.86000013       223.390106    
  -5.84999990       222.285843    
  -5.84000015       221.184753    
  -5.82999992       220.089752    
  -5.82000017       218.991577    
  -5.80999994       217.904007    
  -5.80000019       216.816879    
  -5.78999996       215.731613    
  -5.78000021       214.646973    
  -5.76999998       213.573212    
  -5.76000023       212.496109    
  -5.75000000       211.426712    
  -5.74000025       210.359253    
  -5.73000002       209.299194    
  -5.72000027       208.236176    
  -5.71000004       207.183212    
  -5.70000029       206.129425    
  -5.69000006       205.078857    
  -5.68000031       204.032349    
  -5.67000008       202.986542    
  -5.66000032       201.949173    
  -5.65000010       200.912201    
  -5.63999987       199.879349    
  -5.63000011       198.850555    
  -5.61999989       197.822433    
  -5.61000013       196.801926    
  -5.59999990       195.782562    
  -5.59000015       194.767288    
  -5.57999992       193.753357    
  -5.57000017       192.743027    
  -5.55999994       191.739914    
  -5.55000019       190.732254    
  -5.53999996       189.733963    
  -5.53000021       188.737671    
  -5.51999998       187.745041    
  -5.51000023       186.758728    
  -5.50000000       185.768829    
  -5.49000025       184.788223    
  -5.48000002       183.808868    
  -5.47000027       182.836121    
  -5.46000004       181.862579    
  -5.45000029       180.889786    
  -5.44000006       179.923508    
  -5.43000031       178.961639    
  -5.42000008       178.003647    
  -5.41000032       177.048935    
  -5.40000010       176.093597    
  -5.38999987       175.144821    
  -5.38000011       174.199738    
  -5.36999989       173.256836    
  -5.36000013       172.317139    
  -5.34999990       171.379623    
  -5.34000015       170.447388    
  -5.32999992       169.517242    
  -5.32000017       168.590317    
  -5.30999994       167.665649    
  -5.30000019       166.744919    
  -5.28999996       165.829895    
  -5.28000021       164.912415    
  -5.26999998       164.002945    
  -5.26000023       163.095718    
  -5.25000000       162.191925    
  -5.24000025       161.294174    
  -5.23000002       160.393478    
  -5.22000027       159.498718    
  -5.21000004       158.607376    
  -5.20000029       157.718384    
  -5.19000006       156.836868    
  -5.18000031       155.953781    
  -5.17000008       155.075363    
  -5.16000032       154.201294    
  -5.15000010       153.328796    
  -5.14000034       152.457977    
  -5.13000011       151.591522    
  -5.11999989       150.730255    
  -5.11000013       149.870926    
  -5.09999990       149.014893    
  -5.09000015       148.161530    
  -5.07999992       147.311111    
  -5.07000017       146.463028    
  -5.05999994       145.619736    
  -5.05000019       144.778824    
  -5.03999996       143.941849    
  -5.03000021       143.107422    
  -5.01999998       142.277573    
  -5.01000023       141.448639    
  -5.00000000       140.622314    
  -4.99000025       139.802322    
  -4.98000002       138.983261    
  -4.97000027       138.165054    
  -4.96000004       137.353638    
  -4.95000029       136.544113    
  -4.94000006       135.736389    
  -4.93000031       134.933441    
  -4.92000008       134.132217    
  -4.91000032       133.337158    
  -4.90000010       132.539673    
  -4.89000034       131.751984    
  -4.88000011       130.961868    
  -4.86999989       130.177551    
  -4.86000013       129.394714    
  -4.84999990       128.613358    
  -4.84000015       127.838287    
  -4.82999992       127.064133    
  -4.82000017       126.296204    
  -4.80999994       125.530060    
  -4.80000019       124.764832    
  -4.78999996       124.005806    
  -4.78000021       123.244499    
  -4.76999998       122.492218    
  -4.76000023       121.738052    
  -4.75000000       120.989716    
  -4.74000025       120.242401    
  -4.73000002       119.502228    
  -4.72000027       118.761887    
  -4.71000004       118.024353    
  -4.70000029       117.287819    
  -4.69000006       116.556366    
  -4.68000031       115.828018    
  -4.67000008       115.104454    
  -4.66000032       114.382805    
  -4.65000010       113.662117    
  -4.64000034       112.947327    
  -4.63000011       112.230721    
  -4.61999989       111.522743    
  -4.61000013       110.813034    
  -4.59999990       110.109131    
  -4.59000015       109.406258    
  -4.57999992       108.705490    
  -4.57000017       108.010414    
  -4.55999994       107.316444    
  -4.55000019       106.627853    
  -4.53999996       105.940605    
  -4.53000021       105.255188    
  -4.51999998       104.572197    
  -4.51000023       103.894821    
  -4.50000000       103.218277    
  -4.49000025       102.543900    
  -4.48000002       101.873932    
  -4.47000027       101.206261    
  -4.46000004       100.541046    
  -4.45000029       99.8796387    
  -4.44000006       99.2206879    
  -4.43000031       98.5641174    
  -4.42000008       97.9117813    
  -4.41000032       97.2616882    
  -4.40000010       96.6120987    
  -4.39000034       95.9684982    
  -4.38000011       95.3268585    
  -4.37000036       94.6864929    
  -4.36000013       94.0484543    
  -4.34999990       93.4155960    
  -4.34000015       92.7839966    
  -4.32999992       92.1572266    
  -4.32000017       91.5304947    
  -4.30999994       90.9077072    
  -4.30000019       90.2880554    
  -4.28999996       89.6701965    
  -4.28000021       89.0558395    
  -4.26999998       88.4448318    
  -4.26000023       87.8355026    
  -4.25000000       87.2282791    
  -4.24000025       86.6248550    
  -4.23000002       86.0254440    
  -4.22000027       85.4265671    
  -4.21000004       84.8318939    
  -4.20000029       84.2368927    
  -4.19000006       83.6483688    
  -4.18000031       83.0607758    
  -4.17000008       82.4759064    
  -4.16000032       81.8943787    
  -4.15000010       81.3154755    
  -4.14000034       80.7371902    
  -4.13000011       80.1642685    
  -4.12000036       79.5919876    
  -4.11000013       79.0241013    
  -4.09999990       78.4576874    
  -4.09000015       77.8958359    
  -4.07999992       77.3349228    
  -4.07000017       76.7751007    
  -4.05999994       76.2200317    
  -4.05000019       75.6673279    
  -4.03999996       75.1179581    
  -4.03000021       74.5697556    
  -4.01999998       74.0239105    
  -4.01000023       73.4813461    
  -4.00000000       72.9425049    
  -3.99000025       72.4040756    
  -3.98000002       71.8693161    
  -3.97000027       71.3380966    
  -3.96000004       70.8088074    
  -3.95000029       70.2810287    
  -3.94000006       69.7579727    
  -3.93000031       69.2344742    
  -3.92000008       68.7164459    
  -3.91000032       68.1998520    
  -3.90000010       67.6845016    
  -3.89000034       67.1729050    
  -3.88000011       66.6645508    
  -3.87000036       66.1573334    
  -3.86000013       65.6541595    
  -3.84999990       65.1515198    
  -3.84000015       64.6527328    
  -3.82999992       64.1552582    
  -3.82000017       63.6611137    
  -3.80999994       63.1703529    
  -3.80000019       62.6807365    
  -3.78999996       62.1951523    
  -3.78000021       61.7101974    
  -3.76999998       61.2291603    
  -3.76000023       60.7488403    
  -3.75000000       60.2723236    
  -3.74000025       59.7991943    
  -3.73000002       59.3272972    
  -3.72000027       58.8566284    
  -3.71000004       58.3894081    
  -3.70000029       57.9258995    
  -3.69000006       57.4631958    
  -3.68000031       57.0037231    
  -3.67000008       56.5461311    
  -3.66000032       56.0917549    
  -3.65000010       55.6380692    
  -3.64000034       55.1883621    
  -3.63000011       54.7399635    
  -3.62000036       54.2946243    
  -3.61000013       53.8525772    
  -3.60000038       53.4118614    
  -3.59000015       52.9726562    
  -3.57999992       52.5364723    
  -3.57000017       52.1033745    
  -3.55999994       51.6718216    
  -3.55000019       51.2440262    
  -3.53999996       50.8168144    
  -3.53000021       50.3934822    
  -3.51999998       49.9709167    
  -3.51000023       49.5520897    
  -3.50000000       49.1339912    
  -3.49000025       48.7196732    
  -3.48000002       48.3060493    
  -3.47000027       47.8963737    
  -3.46000004       47.4879684    
  -3.45000029       47.0820122    
  -3.44000006       46.6781425    
  -3.43000031       46.2772064    
  -3.42000008       45.8785896    
  -3.41000032       45.4822731    
  -3.40000010       45.0873489    
  -3.39000034       44.6955109    
  -3.38000011       44.3051147    
  -3.37000036       43.9169312    
  -3.36000013       43.5323524    
  -3.35000038       43.1492004    
  -3.34000015       42.7679520    
  -3.32999992       42.3892555    
  -3.32000017       42.0116043    
  -3.30999994       41.6375580    
  -3.30000019       41.2660217    
  -3.28999996       40.8954315    
  -3.28000021       40.5283127    
  -3.26999998       40.1620407    
  -3.26000023       39.7986526    
  -3.25000000       39.4376411    
  -3.24000025       39.0775909    
  -3.23000002       38.7212448    
  -3.22000027       38.3656349    
  -3.21000004       38.0134850    
  -3.20000029       37.6622696    
  -3.19000006       37.3144913    
  -3.18000031       36.9677086    
  -3.17000008       36.6241035    
  -3.16000032       36.2817459    
  -3.15000010       35.9415550    
  -3.14000034       35.6035118    
  -3.13000011       35.2672768    
  -3.12000036       34.9344292    
  -3.11000013       34.6029510    
  -3.10000038       34.2724724    
  -3.09000015       33.9450264    
  -3.07999992       33.6196632    
  -3.07000017       33.2966843    
  -3.05999994       32.9746628    
  -3.05000019       32.6558723    
  -3.03999996       32.3380737    
  -3.03000021       32.0236397    
  -3.01999998       31.7099419    
  -3.01000023       31.3987370    
  -3.00000000       31.0893803    
  -2.99000025       30.7832851    
  -2.98000002       30.4772472    
  -2.97000027       30.1741199    
  -2.96000004       29.8734512    
  -2.95000029       29.5746174    
  -2.94000006       29.2769470    
  -2.93000031       28.9814796    
  -2.92000008       28.6888103    
  -2.91000032       28.3975697    
  -2.90000010       28.1082096    
  -2.89000034       27.8207111    
  -2.88000011       27.5347004    
  -2.87000036       27.2514095    
  -2.86000013       26.9702873    
  -2.85000038       26.6904430    
  -2.84000015       26.4123707    
  -2.82999992       26.1363964    
  -2.82000017       25.8625832    
  -2.80999994       25.5908604    
  -2.80000019       25.3208942    
  -2.78999996       25.0522442    
  -2.78000021       24.7858009    
  -2.76999998       24.5217590    
  -2.76000023       24.2590981    
  -2.75000000       23.9978657    
  -2.74000025       23.7390041    
  -2.73000002       23.4822693    
  -2.72000027       23.2269783    
  -2.71000004       22.9733047    
  -2.70000029       22.7217789    
  -2.69000006       22.4722939    
  -2.68000031       22.2239456    
  -2.67000008       21.9782581    
  -2.66000032       21.7336159    
  -2.65000010       21.4910297    
  -2.64000034       21.2504768    
  -2.63000011       21.0116291    
  -2.62000036       20.7743015    
  -2.61000013       20.5390110    
  -2.60000038       20.3053150    
  -2.59000015       20.0736580    
  -2.58000040       19.8436718    
  -2.57000017       19.6151543    
  -2.55999994       19.3887005    
  -2.55000019       19.1638737    
  -2.53999996       18.9406872    
  -2.53000021       18.7193928    
  -2.51999998       18.4993114    
  -2.51000023       18.2813129    
  -2.50000000       18.0652065    
  -2.49000025       17.8505764    
  -2.48000002       17.6377926    
  -2.47000027       17.4263954    
  -2.46000004       17.2170887    
  -2.45000029       17.0090981    
  -2.44000006       16.8029366    
  -2.43000031       16.5983524    
  -2.42000008       16.3955803    
  -2.41000032       16.1942902    
  -2.40000010       15.9943056    
  -2.39000034       15.7967730    
  -2.38000011       15.6001062    
  -2.37000036       15.4053545    
  -2.36000013       15.2125149    
  -2.35000038       15.0210447    
  -2.34000015       14.8310061    
  -2.33000040       14.6428480    
  -2.32000017       14.4559488    
  -2.30999994       14.2709103    
  -2.30000019       14.0873165    
  -2.28999996       13.9051075    
  -2.28000021       13.7247515    
  -2.26999998       13.5458183    
  -2.26000023       13.3686047    
  -2.25000000       13.1927652    
  -2.24000025       13.0183601    
  -2.23000002       12.8456154    
  -2.22000027       12.6744680    
  -2.21000004       12.5049534    
  -2.20000029       12.3368444    
  -2.19000006       12.1699944    
  -2.18000031       12.0049648    
  -2.17000008       11.8413029    
  -2.16000032       11.6790981    
  -2.15000010       11.5181751    
  -2.14000034       11.3589611    
  -2.13000011       11.2013416    
  -2.12000036       11.0448208    
  -2.11000013       10.8900919    
  -2.10000038       10.7365370    
  -2.09000015       10.5847340    
  -2.08000040       10.4341135    
  -2.07000017       10.2847672    
  -2.05999994       10.1373138    
  -2.05000019       9.99086475    
  -2.03999996       9.84607697    
  -2.03000021       9.70258522    
  -2.01999998       9.56025314    
  -2.01000023       9.41981030    
  -2.00000000       9.28033924    
  -1.98999977       9.14238930    
  -1.98000050       9.00586796    
  -1.97000027       8.87058640    
  -1.96000004       8.73658848    
  -1.94999981       8.60412216    
  -1.94000053       8.47282887    
  -1.93000031       8.34309006    
  -1.92000008       8.21456718    
  -1.90999985       8.08720207    
  -1.90000057       7.96139956    
  -1.89000034       7.83675432    
  -1.88000011       7.71335840    
  -1.86999989       7.59137964    
  -1.86000061       7.47070742    
  -1.85000038       7.35136938    
  -1.84000015       7.23302221    
  -1.82999992       7.11615658    
  -1.82000065       7.00050831    
  -1.81000042       6.88626528    
  -1.80000019       6.77294731    
  -1.78999996       6.66108990    
  -1.77999973       6.55036592    
  -1.77000046       6.44109392    
  -1.76000023       6.33275938    
  -1.75000000       6.22577763    
  -1.73999977       6.12003660    
  -1.73000050       6.01542711    
  -1.72000027       5.91196156    
  -1.71000004       5.80971861    
  -1.69999981       5.70877790    
  -1.69000053       5.60883760    
  -1.68000031       5.51015663    
  -1.67000008       5.41261911    
  -1.65999985       5.31629562    
  -1.65000057       5.22099161    
  -1.64000034       5.12691212    
  -1.63000011       5.03387022    
  -1.61999989       4.94204426    
  -1.61000061       4.85133982    
  -1.60000038       4.76171875    
  -1.59000015       4.67323017    
  -1.57999992       4.58585978    
  -1.57000065       4.49959230    
  -1.56000042       4.41427803    
  -1.55000019       4.33018446    
  -1.53999996       4.24703360    
  -1.52999973       4.16511679    
  -1.52000046       4.08418131    
  -1.51000023       4.00428486    
  -1.50000000       3.92534661    
  -1.48999977       3.84763241    
  -1.48000050       3.77084160    
  -1.47000027       3.69501066    
  -1.46000004       3.62032557    
  -1.44999981       3.54659224    
  -1.44000053       3.47382140    
  -1.43000031       3.40216970    
  -1.42000008       3.33136535    
  -1.40999985       3.26166272    
  -1.40000057       3.19282675    
  -1.39000034       3.12510777    
  -1.38000011       3.05826378    
  -1.36999989       2.99238873    
  -1.36000061       2.92739534    
  -1.35000038       2.86340666    
  -1.34000015       2.80041003    
  -1.32999992       2.73828697    
  -1.32000065       2.67708778    
  -1.31000042       2.61679482    
  -1.30000019       2.55742908    
  -1.28999996       2.49893379    
  -1.27999973       2.44139409    
  -1.27000046       2.38472390    
  -1.26000023       2.32891226    
  -1.25000000       2.27398705    
  -1.23999977       2.21990967    
  -1.23000050       2.16673231    
  -1.22000027       2.11440253    
  -1.21000004       2.06286216    
  -1.19999981       2.01221800    
  -1.19000053       1.96239614    
  -1.18000031       1.91341901    
  -1.17000008       1.86527479    
  -1.15999985       1.81787610    
  -1.15000057       1.77137053    
  -1.14000034       1.72560835    
  -1.13000011       1.68066514    
  -1.11999989       1.63646805    
  -1.11000061       1.59307241    
  -1.10000038       1.55046189    
  -1.09000015       1.50859666    
  -1.07999992       1.46753609    
  -1.07000065       1.42719233    
  -1.06000042       1.38756549    
  -1.05000019       1.34873140    
  -1.03999996       1.31061029    
  -1.02999973       1.27319765    
  -1.02000046       1.23648727    
  -1.01000023       1.20052719    
  -1.00000000       1.16524684    
 -0.989999771       1.13068342    
 -0.980000496       1.09679937    
 -0.970000267       1.06360066    
 -0.960000038       1.03106451    
 -0.949999809      0.999208689    
 -0.940000534      0.967995644    
 -0.930000305      0.937458992    
 -0.920000076      0.907585561    
 -0.909999847      0.878320456    
 -0.900000572      0.849723041    
 -0.890000343      0.821715891    
 -0.880000114      0.794359088    
 -0.869999886      0.767597437    
 -0.860000610      0.741448402    
 -0.850000381      0.715902209    
 -0.840000153      0.690949678    
 -0.829999924      0.666581631    
 -0.820000648      0.642792940    
 -0.810000420      0.619581342    
 -0.800000191      0.596929789    
 -0.789999962      0.574833989    
 -0.779999733      0.553298831    
 -0.770000458      0.532299936    
 -0.760000229      0.511844635    
 -0.750000000      0.491916865    
 -0.739999771      0.472511142    
 -0.730000496      0.453624696    
 -0.720000267      0.435237765    
 -0.710000038      0.417361647    
 -0.699999809      0.399988562    
 -0.690000534      0.383094698    
 -0.680000305      0.366687298    
 -0.670000076      0.350751728    
 -0.659999847      0.335285366    
 -0.650000572      0.320283324    
 -0.640000343      0.305734068    
 -0.630000114      0.291628033    
 -0.619999886      0.277968884    
 -0.610000610      0.264740080    
 -0.600000381      0.251938045    
 -0.590000153      0.239555568    
 -0.579999924      0.227579325    
 -0.570000648      0.216014549    
 -0.560000420      0.204849795    
 -0.550000191      0.194069684    
 -0.539999962      0.183681354    
 -0.530000687      0.173669010    
 -0.520000458      0.164020881    
 -0.510000229      0.154743940    
 -0.500000000      0.145819619    
 -0.489999771      0.137246951    
 -0.480000496      0.129015535    
 -0.470000267      0.121120661    
 -0.460000038      0.113554567    
 -0.449999809      0.106311172    
 -0.440000534       9.93817449E-02
 -0.430000305       9.27587524E-02
 -0.420000076       8.64376873E-02
 -0.409999847       8.04099292E-02
 -0.400000572       7.46709928E-02
 -0.390000343       6.92100897E-02
 -0.380000114       6.40210211E-02
 -0.369999886       5.90996072E-02
 -0.360000610       5.44380024E-02
 -0.350000381       5.00257723E-02
 -0.340000153       4.58605029E-02
 -0.329999924       4.19311337E-02
 -0.320000648       3.82350869E-02
 -0.310000420       3.47615294E-02
 -0.300000191       3.15051936E-02
 -0.289999962       2.84582023E-02
 -0.280000687       2.56149955E-02
 -0.270000458       2.29675267E-02
 -0.260000229       2.05089767E-02
 -0.250000000       1.82328634E-02
 -0.239999771       1.61310937E-02
 -0.230000496       1.41977919E-02
 -0.220000267       1.24252327E-02
 -0.210000038       1.08068800E-02
 -0.199999809       9.33541171E-03
 -0.190000534       8.00411217E-03
 -0.180000305       6.80572819E-03
 -0.170000076       5.73318731E-03
 -0.159999847       4.77981428E-03
 -0.150000572       3.93850310E-03
 -0.140000343       3.20215756E-03
 -0.130000114       2.56386655E-03
 -0.119999886       2.01652548E-03
 -0.110000610       1.55325944E-03
 -0.100000381       1.16700551E-03
  -9.00001526E-02   8.50734767E-04
  -7.99999237E-02   5.97497623E-04
  -7.00006485E-02   4.00293298E-04
  -6.00004196E-02   2.52078724E-04
  -5.00001907E-02   1.45876125E-04
  -3.99999619E-02   7.46872611E-05
  -3.00006866E-02   3.15107463E-05
  -2.00004578E-02   9.33663068E-06
  -1.00002289E-02   1.16707884E-06
   0.00000000       0.00000000    
   1.00002289E-02   1.16707884E-06
   1.99995041E-02   9.33526644E-06
   2.99997330E-02   3.15082107E-05
   3.99999619E-02   7.46873920E-05
   5.00001907E-02   1.45876445E-04
   5.99994659E-02   2.52065831E-04
   6.99996948E-02   4.00276011E-04
   7.99999237E-02   5.97502978E-04
   9.00001526E-02   8.50750133E-04
   9.99994278E-02   1.16700598E-03
  0.109999657       1.55328214E-03
  0.119999886       2.01663026E-03
  0.130000114       2.56396644E-03
  0.139999390       3.20233498E-03
  0.149999619       3.93875269E-03
  0.159999847       4.78019053E-03
  0.170000076       5.73369861E-03
  0.179999352       6.80627301E-03
  0.189999580       8.00477713E-03
  0.199999809       9.33650415E-03
  0.210000038       1.08083850E-02
  0.219999313       1.24270655E-02
  0.229999542       1.41998008E-02
  0.239999771       1.61340926E-02
  0.250000000       1.82361025E-02
  0.260000229       2.05132756E-02
  0.269999504       2.29723249E-02
  0.279999733       2.56209858E-02
  0.289999962       2.84652524E-02
  0.300000191       3.15138623E-02
  0.309999466       3.47707085E-02
  0.319999695       3.82458866E-02
  0.329999924       4.19451445E-02
  0.340000153       4.58753183E-02
  0.349999428       5.00434153E-02
  0.359999657       5.44588119E-02
  0.369999886       5.91245964E-02
  0.380000114       6.40500858E-02
  0.389999390       6.92407712E-02
  0.399999619       7.47059435E-02
  0.409999847       8.04507062E-02
  0.420000076       8.64843577E-02
  0.429999352       9.28091779E-02
  0.439999580       9.94367748E-02
  0.449999809      0.106374465    
  0.460000038      0.113625951    
  0.469999313      0.121199407    
  0.479999542      0.129102901    
  0.489999771      0.137343988    
  0.500000000      0.145932123    
  0.510000229      0.154865339    
  0.519999504      0.164157078    
  0.529999733      0.173810855    
  0.539999962      0.183842301    
  0.550000191      0.194246903    
  0.559999466      0.205041111    
  0.569999695      0.216223925    
  0.579999924      0.227808341    
  0.590000153      0.239803284    
  0.599999428      0.252205610    
  0.609999657      0.265034527    
  0.619999886      0.278289169    
  0.630000114      0.291975796    
  0.639999390      0.306106865    
  0.649999619      0.320689678    
  0.659999847      0.335725307    
  0.670000076      0.351226956    
  0.679999352      0.367199212    
  0.689999580      0.383647859    
  0.699999809      0.400579274    
  0.710000038      0.418002665    
  0.719999313      0.435921878    
  0.729999542      0.454349250    
  0.739999771      0.473279119    
  0.750000000      0.492746621    
  0.760000229      0.512724578    
  0.769999504      0.533242881    
  0.779999733      0.554311097    
  0.789999962      0.575916648    
  0.800000191      0.598071873    
  0.809999466      0.620805442    
  0.819999695      0.644106090    
  0.829999924      0.667970121    
  0.840000153      0.692411304    
  0.849999428      0.717451572    
  0.859999657      0.743095934    
  0.869999886      0.769339621    
  0.880000114      0.796215713    
  0.889999390      0.823664486    
  0.899999619      0.851765454    
  0.909999847      0.880523086    
  0.920000076      0.909892499    
  0.929999352      0.939893425    
  0.939999580      0.970565975    
  0.949999809       1.00191903    
  0.960000038       1.03391910    
  0.969999313       1.06659961    
  0.979999542       1.09994960    
  0.989999771       1.13400507    
   1.00000000       1.16873813    
   1.01000023       1.20419967    
   1.01999950       1.24036860    
   1.02999973       1.27723801    
   1.03999996       1.31484663    
   1.05000019       1.35319269    
   1.05999947       1.39227521    
   1.06999969       1.43207538    
   1.07999992       1.47268331    
   1.09000015       1.51401019    
   1.09999943       1.55612099    
   1.10999966       1.59900272    
   1.11999989       1.64265668    
   1.13000011       1.68708253    
   1.13999939       1.73232031    
   1.14999962       1.77837241    
   1.15999985       1.82522762    
   1.17000008       1.87293494    
   1.17999935       1.92145300    
   1.18999958       1.97074354    
   1.19999981       2.02095246    
   1.21000004       2.07198501    
   1.21999931       2.12386203    
   1.22999954       2.17659783    
   1.23999977       2.23017216    
   1.25000000       2.28467464    
   1.25999928       2.33998036    
   1.26999950       2.39624977    
   1.27999973       2.45344329    
   1.28999996       2.51144862    
   1.30000019       2.57041645    
   1.30999947       2.63032317    
   1.31999969       2.69108534    
   1.32999992       2.75284719    
   1.34000015       2.81547809    
   1.34999943       2.87915182    
   1.35999966       2.94371915    
   1.36999989       3.00919819    
   1.38000011       3.07579207    
   1.38999939       3.14321613    
   1.39999962       3.21166611    
   1.40999985       3.28115559    
   1.42000008       3.35161114    
   1.42999935       3.42305779    
   1.43999958       3.49547863    
   1.44999981       3.56897593    
   1.46000004       3.64349484    
   1.46999931       3.71909952    
   1.47999954       3.79567027    
   1.48999977       3.87329865    
   1.50000000       3.95198965    
   1.50999928       4.03167295    
   1.51999950       4.11256266    
   1.52999973       4.19441128    
   1.53999996       4.27737856    
   1.55000019       4.36154318    
   1.55999947       4.44669342    
   1.56999969       4.53298092    
   1.57999992       4.62034988    
   1.59000015       4.70883942    
   1.59999943       4.79843569    
   1.60999966       4.88918257    
   1.61999989       4.98113441    
   1.63000011       5.07423401    
   1.63999939       5.16847086    
   1.64999962       5.26380157    
   1.65999985       5.36042356    
   1.67000008       5.45804882    
   1.67999935       5.55694675    
   1.68999958       5.65707588    
   1.69999981       5.75838041    
   1.71000004       5.86091185    
   1.71999931       5.96475315    
   1.72999954       6.06958771    
   1.73999977       6.17582846    
   1.75000000       6.28323221    
   1.75999928       6.39199352    
   1.76999950       6.50179434    
   1.77999973       6.61306906    
   1.78999996       6.72548342    
   1.80000019       6.83913517    
   1.80999947       6.95419312    
   1.81999969       7.07049417    
   1.82999992       7.18802786    
   1.84000015       7.30699158    
   1.84999943       7.42718410    
   1.85999966       7.54861450    
   1.86999989       7.67148352    
   1.88000011       7.79560757    
   1.88999939       7.92123032    
   1.89999962       8.04810333    
   1.90999985       8.17623615    
   1.92000008       8.30585480    
   1.92999935       8.43675518    
   1.93999958       8.56910896    
   1.94999981       8.70278263    
   1.96000004       8.83786583    
   1.96999931       8.97435760    
   1.97999954       9.11233902    
   1.98999977       9.25175476    
   2.00000000       9.39244080    
   2.00999928       9.53454018    
   2.01999950       9.67811489    
   2.02999973       9.82321548    
   2.03999996       9.96969891    
   2.05000019       10.1177130    
   2.05999947       10.2669554    
   2.06999969       10.4181118    
   2.07999992       10.5703669    
   2.09000015       10.7242680    
   2.09999943       10.8796911    
   2.10999966       11.0366039    
   2.11999989       11.1949625    
   2.13000011       11.3549137    
   2.13999939       11.5163002    
   2.14999962       11.6791658    
   2.15999985       11.8437920    
   2.17000008       12.0097084    
   2.17999935       12.1774063    
   2.18999958       12.3465776    
   2.19999981       12.5172071    
   2.21000004       12.6896343    
   2.21999931       12.8633385    
   2.22999954       13.0389204    
   2.23999977       13.2160702    
   2.25000000       13.3945227    
   2.25999928       13.5748148    
   2.26999950       13.7570066    
   2.27999973       13.9405994    
   2.28999996       14.1256447    
   2.30000019       14.3124437    
   2.30999947       14.5012779    
   2.31999969       14.6910686    
   2.32999992       14.8832474    
   2.34000015       15.0767345    
   2.34999943       15.2717390    
   2.35999966       15.4687223    
   2.36999989       15.6670971    
   2.38000011       15.8674202    
   2.38999939       16.0696888    
   2.39999962       16.2733746    
   2.40999985       16.4789829    
   2.42000008       16.6861668    
   2.42999935       16.8946609    
   2.43999958       17.1058025    
   2.44999981       17.3181496    
   2.46000004       17.5322704    
   2.46999931       17.7483215    
   2.47999954       17.9660339    
   2.48999977       18.1855927    
   2.50000000       18.4070854    
   2.50999928       18.6304016    
   2.51999950       18.8553810    
   2.52999973       19.0822563    
   2.53999996       19.3108234    
   2.55000019       19.5411377    
   2.55999947       19.7737808    
   2.56999969       20.0077267    
   2.57999992       20.2441235    
   2.59000015       20.4818134    
   2.59999943       20.7214851    
   2.60999966       20.9632874    
   2.61999989       21.2067070    
   2.63000011       21.4523277    
   2.63999939       21.6998692    
   2.64999962       21.9491692    
   2.65999985       22.2002373    
   2.67000008       22.4531536    
   2.67999935       22.7083817    
   2.68999958       22.9651241    
   2.69999981       23.2246056    
   2.71000004       23.4852200    
   2.71999931       23.7480106    
   2.72999954       24.0128880    
   2.73999977       24.2798576    
   2.75000000       24.5490379    
   2.75999928       24.8192329    
   2.76999950       25.0923347    
   2.77999973       25.3676414    
   2.78999996       25.6443138    
   2.79999924       25.9230766    
   2.80999947       26.2045650    
   2.81999969       26.4874077    
   2.82999992       26.7726707    
   2.84000015       27.0598106    
   2.84999943       27.3488407    
   2.85999966       27.6403122    
   2.86999989       27.9331131    
   2.88000011       28.2286758    
   2.88999939       28.5266972    
   2.89999962       28.8257008    
   2.90999985       29.1278210    
   2.92000008       29.4321861    
   2.92999935       29.7377377    
   2.93999958       30.0465336    
   2.94999981       30.3564968    
   2.96000004       30.6686687    
   2.96999931       30.9840508    
   2.97999954       31.3003731    
   2.98999977       31.6191273    
   3.00000000       31.9411850    
   3.00999928       32.2641182    
   3.01999950       32.5895996    
   3.02999973       32.9179840    
   3.03999996       33.2478218    
   3.04999924       33.5799637    
   3.05999947       33.9150276    
   3.06999969       34.2516785    
   3.07999992       34.5902328    
   3.09000015       34.9323883    
   3.09999943       35.2755852    
   3.10999966       35.6212921    
   3.11999989       35.9697571    
   3.13000011       36.3199120    
   3.13999939       36.6730652    
   3.14999962       37.0277710    
   3.15999985       37.3854218    
   3.17000008       37.7446327    
   3.17999935       38.1069069    
   3.18999958       38.4715958    
   3.19999981       38.8374481    
   3.21000004       39.2066650    
   3.21999931       39.5787277    
   3.22999954       39.9518013    
   3.23999977       40.3284149    
   3.25000000       40.7068405    
   3.25999928       41.0880432    
   3.26999950       41.4720879    
   3.27999973       41.8569908    
   3.28999996       42.2457581    
   3.29999924       42.6359978    
   3.30999947       43.0293694    
   3.31999969       43.4252777    
   3.32999992       43.8230400    
   3.34000015       44.2236748    
   3.34999943       44.6259346    
   3.35999966       45.0323601    
   3.36999989       45.4393959    
   3.38000011       45.8500481    
   3.38999939       46.2628975    
   3.39999962       46.6781387    
   3.40999985       47.0964966    
   3.42000008       47.5177002    
   3.42999935       47.9406357    
   3.43999958       48.3652992    
   3.44999981       48.7944832    
   3.46000004       49.2243958    
   3.46999931       49.6589317    
   3.47999954       50.0944290    
   3.48999977       50.5321198    
   3.50000000       50.9736061    
   3.50999928       51.4176636    
   3.51999950       51.8631859    
   3.52999973       52.3125420    
   3.53999996       52.7634926    
   3.54999924       53.2175751    
   3.55999947       53.6748543    
   3.56999969       54.1343536    
   3.57999992       54.5965424    
   3.59000015       55.0624886    
   3.59999943       55.5299454    
   3.60999966       55.9989014    
   3.61999989       56.4717255    
   3.63000011       56.9478035    
   3.63999939       57.4272881    
   3.64999962       57.9081383    
   3.65999985       58.3924103    
   3.67000008       58.8786201    
   3.67999935       59.3676567    
   3.68999958       59.8591461    
   3.69999981       60.3535194    
   3.71000004       60.8512726    
   3.71999931       61.3529510    
   3.72999954       61.8561592    
   3.73999977       62.3610115    
   3.75000000       62.8710251    
   3.75999928       63.3829231    
   3.76999950       63.8960609    
   3.77999973       64.4132690    
   3.78999996       64.9334641    
   3.79999924       65.4575348    
   3.80999947       65.9830551    
   3.81999969       66.5123825    
   3.82999992       67.0433273    
   3.84000015       67.5775986    
   3.84999943       68.1151886    
   3.85999966       68.6549683    
   3.86999989       69.1980972    
   3.88000011       69.7449875    
   3.88999939       70.2933502    
   3.89999962       70.8453674    
   3.90999985       71.4009476    
   3.92000008       71.9583054    
   3.92999935       72.5190964    
   3.93999958       73.0836105    
   3.94999981       73.6498413    
   3.96000004       74.2197876    
   3.96999931       74.7930145    
   3.97999954       75.3683472    
   3.98999977       75.9471054    
   4.00000000       76.5292816    
   4.00999928       77.1139526    
   4.01999950       77.7017365    
   4.02999973       78.2939529    
   4.03999996       78.8879166    
   4.04999924       79.4849319    
   4.05999947       80.0861740    
   4.06999969       80.6890869    
   4.07999992       81.2952042    
   4.09000015       81.9040222    
   4.09999943       82.5176239    
   4.10999966       83.1326599    
   4.11999989       83.7525101    
   4.13000011       84.3751373    
   4.13999939       85.0009079    
   4.14999962       85.6276550    
   4.15999985       86.2596283    
   4.17000008       86.8950729    
   4.17999935       87.5311203    
   4.18999958       88.1721954    
   4.19999981       88.8183365    
   4.21000004       89.4649506    
   4.21999931       90.1153717    
   4.22999954       90.7710266    
   4.23999977       91.4277267    
   4.25000000       92.0887756    
   4.25999928       92.7508316    
   4.26999950       93.4184189    
   4.27999973       94.0898132    
   4.28999996       94.7624207    
   4.29999924       95.4390793    
   4.30999947       96.1214905    
   4.31999969       96.8048935    
   4.32999992       97.4911346    
   4.34000015       98.1796494    
   4.34999943       98.8739471    
   4.35999966       99.5705948    
   4.36999989       100.271393    
   4.38000011       100.974800    
   4.38999939       101.684113    
   4.39999962       102.392418    
   4.40999985       103.105324    
   4.42000008       103.823792    
   4.42999935       104.544922    
   4.43999958       105.268196    
   4.44999981       105.996223    
   4.46000004       106.726799    
   4.46999931       107.462799    
   4.47999954       108.198006    
   4.48999977       108.942619    
   4.50000000       109.684731    
   4.50999928       110.432724    
   4.51999950       111.186829    
   4.52999973       111.943115    
   4.53999996       112.700554    
   4.54999924       113.464211    
   4.55999947       114.229958    
   4.56999969       114.997795    
   4.57999992       115.772133    
   4.58999920       116.547333    
   4.59999943       117.329788    
   4.60999966       118.113388    
   4.61999989       118.899193    
   4.63000011       119.689949    
   4.63999939       120.484123    
   4.64999962       121.283531    
   4.65999985       122.084961    
   4.67000008       122.892853    
   4.67999935       123.698639    
   4.68999958       124.514923    
   4.69999981       125.327957    
   4.71000004       126.151611    
   4.71999931       126.973289    
   4.72999954       127.801003    
   4.73999977       128.631149    
   4.75000000       129.467590    
   4.75999928       130.305084    
   4.76999950       131.148743    
   4.77999973       131.995117    
   4.78999996       132.847107    
   4.79999924       133.701416    
   4.80999947       134.557816    
   4.81999969       135.420303    
   4.82999992       136.284866    
   4.83999920       137.151260    
   4.84999943       138.024078    
   4.85999966       138.902725    
   4.86999989       139.784500    
   4.88000011       140.667374    
   4.88999939       141.555573    
   4.89999962       142.448090    
   4.90999985       143.344879    
   4.92000008       144.244156    
   4.92999935       145.146393    
   4.93999958       146.053543    
   4.94999981       146.967163    
   4.96000004       147.881317    
   4.96999931       148.801544    
   4.97999954       149.723114    
   4.98999977       150.653046    
   5.00000000       151.583908    
   5.00999928       152.517456    
   5.01999950       153.459381    
   5.02999973       154.403076    
   5.03999996       155.348419    
   5.04999924       156.299301    
   5.05999947       157.254135    
   5.06999969       158.215240    
   5.07999992       159.177261    
   5.08999920       160.145187    
   5.09999943       161.117783    
   5.10999966       162.095505    
   5.11999989       163.074921    
   5.13000011       164.056076    
   5.13999939       165.046326    
   5.14999962       166.037689    
   5.15999985       167.031342    
   5.17000008       168.033279    
   5.17999935       169.040314    
   5.18999958       170.045700    
   5.19999981       171.059418    
   5.21000004       172.075623    
   5.21999931       173.100342    
   5.22999954       174.123047    
   5.23999977       175.151260    
   5.25000000       176.187378    
   5.25999928       177.226807    
   5.26999950       178.266327    
   5.27999973       179.316162    
   5.28999996       180.366791    
   5.29999924       181.418991    
   5.30999947       182.481155    
   5.31999969       183.542648    
   5.32999992       184.610260    
   5.33999920       185.685638    
   5.34999943       186.759979    
   5.35999966       187.844604    
   5.36999989       188.927795    
   5.38000011       190.018265    
   5.38999939       191.109634    
   5.39999962       192.208923    
   5.40999985       193.312851    
   5.42000008       194.418091    
   5.42999935       195.533279    
   5.43999958       196.647202    
   5.44999981       197.766037    
   5.46000004       198.891907    
   5.46999931       200.024963    
   5.47999954       201.160110    
   5.48999977       202.293152    
   5.50000000       203.440506    
   5.50999928       204.584976    
   5.51999950       205.740784    
   5.52999973       206.895416    
   5.53999996       208.056793    
   5.54999924       209.218948    
   5.55999947       210.390060    
   5.56999969       211.565140    
   5.57999992       212.744354    
   5.58999920       213.932053    
   5.59999943       215.113953    
   5.60999966       216.314255    
   5.61999989       217.511276    
   5.63000011       218.709625    
   5.63999939       219.916626    
   5.64999962       221.127716    
   5.65999985       222.343155    
   5.67000008       223.566940    
   5.67999935       224.794464    
   5.68999958       226.024033    
   5.69999981       227.256790    
   5.71000004       228.499191    
   5.71999931       229.744766    
   5.72999954       230.992249    
   5.73999977       232.242950    
   5.75000000       233.503342    
   5.75999928       234.767563    
   5.76999950       236.033066    
   5.77999973       237.310364    
   5.78999996       238.583054    
   5.79999924       239.873459    
   5.80999947       241.159348    
   5.81999969       242.446869    
   5.82999992       243.745834    
   5.83999920       245.046600    
   5.84999943       246.358841    
   5.85999966       247.664429    
   5.86999989       248.981918    
   5.88000011       250.309448    
   5.88999939       251.631683    
   5.89999962       252.966263    
   5.90999985       254.301849    
   5.92000008       255.640961    
   5.92999935       256.990631    
   5.93999958       258.343201    
   5.94999981       259.697418    
   5.96000004       261.055084    
   5.96999931       262.423370    
   5.97999954       263.794098    
   5.98999977       265.177704    
   6.00000000       266.554596    
   6.01000023       267.942841    
   6.02000046       269.332703    
   6.02999878       270.733765    
   6.03999901       272.130035    
   6.04999924       273.537933    
   6.05999947       274.953461    
   6.06999969       276.367859    
   6.07999992       277.790100    
   6.09000015       279.217133    
   6.10000038       280.653687    
   6.10999870       282.094574    
   6.11999893       283.535400    
   6.12999916       284.983124    
   6.13999939       286.439575    
   6.14999962       287.891785    
   6.15999985       289.360840    
   6.17000008       290.824982    
   6.18000031       292.304230    
   6.19000053       293.780731    
   6.19999886       295.271942    
   6.20999908       296.757141    
   6.21999931       298.253021    
   6.22999954       299.759369    
   6.23999977       301.259186    
   6.25000000       302.775299    
   6.26000023       304.287079    
   6.27000046       305.814728    
   6.27999878       307.345245    
   6.28999901       308.876862    
   6.29999924       310.411804    
   6.30999947       311.956848    
   6.31999969       313.509247    
   6.32999992       315.062927    
   6.34000015       316.620270    
   6.35000038       318.187164    
   6.35999870       319.756683    
   6.36999893       321.334595    
   6.37999916       322.915131    
   6.38999939       324.511414    
   6.39999962       326.103546    
   6.40999985       327.697754    
   6.42000008       329.300964    
   6.43000031       330.914886    
   6.44000053       332.528259    
   6.44999886       334.153290    
   6.45999908       335.779114    
   6.46999931       337.407990    
   6.47999954       339.046234    
   6.48999977       340.693726    
   6.50000000       342.344879    
   6.51000023       343.996399    
   6.52000046       345.659546    
   6.52999878       347.320984    
   6.53999901       348.994629    
   6.54999924       350.678833    
   6.55999947       352.362579    
   6.56999969       354.048767    
   6.57999992       355.747620    
   6.59000015       357.447662    
   6.60000038       359.155396    
   6.60999870       360.866730    
   6.61999893       362.586060    
   6.62999916       364.305878    
   6.63999939       366.040619    
   6.64999962       367.776428    
   6.65999985       369.519409    
   6.67000008       371.266296    
   6.68000031       373.020569    
   6.69000053       374.776001    
   6.69999886       376.546234    
   6.70999908       378.317902    
   6.71999931       380.096558    
   6.72999954       381.879364    
   6.73999977       383.667542    
   6.75000000       385.459473    
   6.76000023       387.264557    
   6.77000046       389.072113    
   6.77999878       390.887787    
   6.78999901       392.704834    
   6.79999924       394.529877    
   6.80999947       396.357147    
   6.81999969       398.199615    
   6.82999992       400.043121    
   6.84000015       401.893494    
   6.85000038       403.747559    
   6.85999870       405.608032    
   6.86999893       407.471069    
   6.87999916       409.348145    
   6.88999939       411.234436    
   6.89999962       413.121857    
   6.90999985       415.010254    
   6.92000008       416.906525    
   6.93000031       418.818756    
   6.94000053       420.733276    
   6.94999886       422.641632    
   6.95999908       424.564880    
   6.96999931       426.504761    
   6.97999954       428.436646    
   6.98999977       430.385284    
   7.00000000       432.326935    
   7.01000023       434.279907    
   7.02000046       436.244415    
   7.02999878       438.220673    
   7.03999901       440.189392    
   7.04999924       442.175690    
   7.05999947       444.167725    
   7.06999969       446.162170    
   7.07999992       448.158630    
   7.09000015       450.161255    
   7.10000038       452.181549    
   7.10999870       454.193176    
   7.11999893       456.217560    
   7.12999916       458.253021    
   7.13999939       460.301361    
   7.14999962       462.341095    
   7.15999985       464.398773    
   7.17000008       466.446350    
   7.18000031       468.511963    
   7.19000053       470.595764    
   7.19999886       472.669220    
   7.20999908       474.761292    
   7.21999931       476.843658    
   7.22999954       478.944427    
   7.23999977       481.047394    
   7.25000000       483.168121    
   7.26000023       485.278778    
   7.27000046       487.412811    
   7.27999878       489.547913    
   7.28999901       491.685211    
   7.29999924       493.824402    
   7.30999947       495.987305    
   7.31999969       498.135040    
   7.32999992       500.305664    
   7.34000015       502.478149    
   7.35000038       504.652802    
   7.35999870       506.851349    
   7.36999893       509.033295    
   7.37999916       511.239197    
   7.38999939       513.447144    
   7.39999962       515.657349    
   7.40999985       517.890320    
   7.42000008       520.107605    
   7.43000031       522.349487    
   7.44000053       524.592651    
   7.44999886       526.837097    
   7.45999908       529.088684    
   7.46999931       531.360535    
   7.47999954       533.632385    
   7.48999977       535.911560    
   7.50000000       538.192505    
   7.51000023       540.478455    
   7.52000046       542.783203    
   7.52999878       545.081299    
   7.53999901       547.393677    
   7.54999924       549.712585    
   7.55999947       552.044067    
   7.56999969       554.373962    
   7.57999992       556.718323    
   7.59000015       559.068726    
   7.60000038       561.419861    
   7.60999870       563.777832    
   7.61999893       566.159424    
   7.62999916       568.540100    
   7.63999939       570.918579    
   7.64999962       573.313904    
   7.65999985       575.710449    
   7.67000008       578.116699    
   7.68000031       580.533508    
   7.69000053       582.955078    
   7.69999886       585.381470    
   7.70999908       587.815796    
   7.71999931       590.265137    
   7.72999954       592.713013    
   7.73999977       595.175537    
   7.75000000       597.633545    
   7.76000023       600.103271    
   7.77000046       602.589233    
   7.77999878       605.081665    
   7.78999901       607.575012    
   7.79999924       610.073792    
   7.80999947       612.589050    
   7.81999969       615.117859    
   7.82999992       617.625549    
   7.84000015       620.175537    
   7.85000038       622.704590    
   7.85999870       625.261536    
   7.86999893       627.809631    
   7.87999916       630.373840    
   7.88999939       632.953918    
   7.89999962       635.525146    
   7.90999985       638.126099    
   7.92000008       640.717468    
   7.93000031       643.324890    
   7.94000053       645.923584    
   7.94999886       648.537842    
   7.95999908       651.168030    
   7.96999931       653.802551    
   7.97999954       656.442810    
   7.98999977       659.095337    
   8.00000000       661.757568    
   8.01000023       664.416443    
   8.02000046       667.099487    
   8.02999878       669.777649    
   8.03999901       672.463928    
   8.04999924       675.168823    
   8.05999947       677.875427    
   8.06999969       680.583679    
   8.07999992       683.295898    
   8.09000015       686.023682    
   8.10000038       688.773743    
   8.10999870       691.507751    
   8.11999893       694.261230    
   8.12999916       697.035889    
   8.13999939       699.808960    
   8.14999962       702.586853    
   8.15999985       705.369568    
   8.17000008       708.150696    
   8.18000031       710.952271    
   8.19000053       713.774841    
   8.19999886       716.579346    
   8.20999908       719.408264    
   8.21999931       722.252136    
   8.22999954       725.100037    
   8.23999977       727.950073    
   8.25000000       730.801086    
   8.26000023       733.671997    
   8.27000046       736.562866    
   8.27999878       739.436707    
   8.28999901       742.336975    
   8.29999924       745.238953    
   8.30999947       748.132324    
   8.31999969       751.052490    
   8.32999992       753.996887    
   8.34000015       756.934509    
   8.35000038       759.862122    
   8.35999870       762.829407    
   8.36999893       765.777100    
   8.37999916       768.759338    
   8.38999939       771.736572    
   8.39999962       774.724915    
   8.40999985       777.719849    
   8.42000008       780.725647    
   8.43000031       783.726379    
   8.44000053       786.761902    
   8.44999886       789.777527    
   8.45999908       792.821899    
   8.46999931       795.879333    
   8.47999954       798.916016    
   8.48999977       801.979004    
   8.50000000       805.072021    
   8.51000023       808.152039    
   8.52000046       811.233215    
   8.52999878       814.345520    
   8.53999901       817.435059    
   8.54999924       820.563538    
   8.55999947       823.685303    
   8.56999969       826.819458    
   8.57999992       829.966553    
   8.59000015       833.133667    
   8.60000038       836.288330    
   8.60999870       839.471924    
   8.61999893       842.631958    
   8.62999916       845.832520    
   8.63999939       849.034058    
   8.64999962       852.242249    
   8.65999985       855.449646    
   8.67000008       858.671082    
   8.68000031       861.925293    
   8.69000053       865.152466    
   8.69999886       868.412048    
   8.70999908       871.683655    
   8.71999931       874.949463    
   8.72999954       878.236694    
   8.73999977       881.518005    
   8.75000000       884.810974    
   8.76000023       888.137207    
   8.77000046       891.435303    
   8.77999878       894.766846    
   8.78999901       898.112976    
   8.79999924       901.460632    
   8.80999947       904.809570    
   8.81999969       908.162292    
   8.82999992       911.557495    
   8.84000015       914.925232    
   8.85000038       918.337952    
   8.85999870       921.742126    
   8.86999893       925.128357    
   8.87999916       928.547974    
   8.88999939       932.002869    
   8.89999962       935.437378    
   8.90999985       938.874817    
   8.92000008       942.346558    
   8.93000031       945.821594    
   8.93999863       949.307983    
   8.94999886       952.765198    
   8.95999908       956.289612    
   8.96999931       959.796448    
   8.97999954       963.302124    
   8.98999977       966.844788    
   9.00000000       970.357971    
   9.01000023       973.914917    
   9.02000046       977.466675    
   9.02999878       981.037781    
   9.03999901       984.637756    
   9.04999924       988.214172    
   9.05999947       991.793945    
   9.06999969       995.411743    
   9.07999992       999.039795    
   9.09000015       1002.66302    
   9.10000038       1006.30505    
   9.10999870       1009.94189    
   9.11999893       1013.58838    
   9.12999916       1017.27423    
   9.13999939       1020.92810    
   9.14999962       1024.61865    
   9.15999985       1028.31958    
   9.17000008       1032.02454    
   9.18000031       1035.74097    
   9.18999863       1039.48535    
   9.19999886       1043.20679    
   9.20999908       1046.96594    
   9.21999931       1050.70374    
   9.22999954       1054.47595    
   9.23999977       1058.25403    
   9.25000000       1062.06470    
   9.26000023       1065.85608    
   9.27000046       1069.65137    
   9.27999878       1073.48193    
   9.28999901       1077.31934    
   9.29999924       1081.16309    
   9.30999947       1085.01147    
   9.31999969       1088.86816    
   9.32999992       1092.73035    
   9.34000015       1096.62683    
   9.35000038       1100.52612    
   9.35999870       1104.41223    
   9.36999893       1108.32434    
   9.37999916       1112.28125    
   9.38999939       1116.20520    
   9.39999962       1120.13611    
   9.40999985       1124.11743    
   9.42000008       1128.09338    
   9.43000031       1132.04895    
   9.43999863       1136.03796    
   9.44999886       1140.06055    
   9.45999908       1144.06360    
   9.46999931       1148.06628    
   9.47999954       1152.10535    
   9.48999977       1156.16931    
   9.50000000       1160.21289    
   9.51000023       1164.28955    
   9.52000046       1168.36218    
   9.52999878       1172.42798    
   9.53999901       1176.54431    
   9.54999924       1180.66321    
   9.55999947       1184.79163    
   9.56999969       1188.92297    
   9.57999992       1193.05774    
   9.59000015       1197.20081    
   9.60000038       1201.37744    
   9.60999870       1205.54797    
   9.61999893       1209.73608    
   9.62999916       1213.92712    
   9.63999939       1218.14160    
   9.64999962       1222.36694    
   9.65999985       1226.59473    
   9.67000008       1230.83167    
   9.68000031       1235.09424    
   9.68999863       1239.36694    
   9.69999886       1243.64148    
   9.70999908       1247.91870    
   9.71999931       1252.23328    
   9.72999954       1256.54968    
   9.73999977       1260.87756    
   9.75000000       1265.20630    
   9.76000023       1269.56494    
   9.77000046       1273.89929    
   9.77999878       1278.26978    
   9.78999901       1282.67163    
   9.79999924       1287.07690    
   9.80999947       1291.46350    
   9.81999969       1295.88025    
   9.82999992       1300.32568    
   9.84000015       1304.75488    
   9.85000038       1309.18506    
   9.85999870       1313.67688    
   9.86999893       1318.14600    
   9.87999916       1322.64941    
   9.88999939       1327.12390    
   9.89999962       1331.66565    
   9.90999985       1336.18347    
   9.92000008       1340.69812    
   9.93000031       1345.25403    
   9.93999863       1349.81250    
   9.94999886       1354.38037    
   9.95999908       1358.97974    
   9.96999931       1363.57910    
   9.97999954       1368.16052    
   9.98999977       1372.80591    
   10.0000000       1377.41772    
